0.04
0.1
0.11
0.15
0.22
0.22
0.25
0.27
0.33
1
1070
1100
1200
1200000
1430
1430
1400
1500
1600
1800
10500
100
100000
102000
105
10000
10000000
11800
12100
127000
12000
13700
13000
147000
150
150000
15000
165000
180
180000
1000
1000
1000000
2200
2490
2550
2.7
2700
20
200
200000
20000
22
22600
220
220000
22000
22000000
240
261000
27
270
287
28000
29400
2000000
2000000
3000000
3300
3300000
3600
3900
30100
300
300000
33
330
330000
33000
36000
374
390
392
4300
4530
4700
4990
43000
470
475000
47000
49.9
49900
499000
5620
50000000
510
51000
6800
61900
63400
665000
68
68100
69800
715
750
750000
75000
787
8060
82.5
866
88700
88700
887
90900
